[ 1.00000000e+00  3.98263240e-02  1.00000000e+00 -1.54375511e-01
  1.00000000e+00  1.45025717e-01  1.00000000e+00 -3.18535453e-01
  1.00000000e+00  4.94418069e-02  1.00000000e+00  5.00736029e-02
  1.00000000e+00  4.87990390e-01  1.00000000e+00  5.33593981e-01
  1.00000000e+00  3.76208872e-01  1.00000000e+00  6.32562693e-01
  1.00000000e+00  5.78167465e-01  1.00000000e+00  5.96533885e-01
  1.00000000e+00  3.53819764e-01  1.00000000e+00  2.57847874e-01
  1.00000000e+00  2.38045640e-01  1.00000000e+00  9.61006753e-02
  1.00000000e+00  9.81658227e-02  1.00000000e+00  1.40048423e-01
  1.00000000e+00  5.95014737e-01  1.00000000e+00  6.62766845e-01
  1.00000000e+00  4.80195022e-01  1.00000000e+00  9.70976293e-01
  1.00000000e+00  9.13106355e-01  1.00000000e+00  7.81607562e-01
  1.00000000e+00  8.34522961e-01  1.00000000e+00  7.72418486e-01
  1.00000000e+00  7.02121252e-01  1.00000000e+00  9.35437405e-01
  1.00000000e+00  9.31184305e-01  1.00000000e+00  7.58484665e-01
  1.00000000e+00  1.00000000e+00  1.00000000e+00  1.00000000e+00
  1.00000000e+00  1.00000000e+00  1.00000000e+00  1.00000000e+00
  1.00000000e+00  1.00000000e+00  1.00000000e+00  9.58864409e-01
  1.00000000e+00  1.17320774e-01  1.00000000e+00  2.68362500e-01
  1.00000000e+00  2.69240753e-01  1.00000000e+00  3.26066911e-01
  1.00000000e+00  4.61467515e-01  1.00000000e+00  3.40653173e-01
  1.00000000e+00  8.24011332e-02  1.00000000e+00  1.45334154e-01
  1.00000000e+00  1.03117277e-01  1.00000000e+00 -4.27629891e-01
  1.00000000e+00 -4.18330994e-01  1.00000000e+00 -3.29713481e-01
  1.00000000e+00 -2.35306671e-01  1.00000000e+00 -1.38757129e-01
  1.00000000e+00 -1.93071564e-01  1.00000000e+00  7.24225205e-02
  1.00000000e+00 -1.61961873e-01  1.00000000e+00 -7.56406826e-02
  1.00000000e+00  4.33228406e-01  1.00000000e+00  4.29606882e-01
  1.00000000e+00  3.42805852e-01  1.00000000e+00 -1.88178038e-01
  1.00000000e+00 -2.33911207e-01  1.00000000e+00 -1.57797844e-01
  1.00000000e+00 -2.05297004e-02  1.00000000e+00 -1.48533119e-01
  1.00000000e+00 -2.92862241e-02  1.00000000e+00 -1.93375517e-01
  1.00000000e+00 -8.84390126e-02  1.00000000e+00 -1.65899825e-02
  1.00000000e+00 -2.05644390e-01  1.00000000e+00 -5.81124341e-02
  1.00000000e+00  1.90123975e-02  1.00000000e+00 -4.33666886e-01
  1.00000000e+00 -4.54740676e-01  1.00000000e+00 -3.06567844e-01
  1.00000000e+00 -3.40200385e-01  1.00000000e+00 -2.36672144e-01
  1.00000000e+00 -2.46125991e-01  1.00000000e+00 -1.84225471e-01
  1.00000000e+00 -1.02351618e-01  1.00000000e+00 -8.50408346e-02
  1.00000000e+00  4.16202405e-01  1.00000000e+00  3.75928098e-01
  1.00000000e+00  4.04031623e-01  1.00000000e+00  5.58128970e-01
  1.00000000e+00  5.92374079e-01  1.00000000e+00  5.29159952e-01
  1.00000000e+00 -2.40475116e-01  1.00000000e+00 -1.75842791e-01
  1.00000000e+00 -8.00675222e-02  1.00000000e+00 -5.71972785e-01
  1.00000000e+00 -4.91158521e-01  1.00000000e+00 -4.29299002e-01
  1.00000000e+00 -3.72805219e-01  1.00000000e+00 -2.26993950e-01
  1.00000000e+00 -1.67107815e-01  1.00000000e+00  6.41416324e-03
  1.00000000e+00 -1.22849284e-01  1.00000000e+00 -1.13287959e-01
  1.00000000e+00 -5.68210633e-01  1.00000000e+00 -4.41912575e-01
  1.00000000e+00 -4.32409622e-01  1.00000000e+00  1.12849658e-02
  1.00000000e+00 -2.42712242e-01  1.00000000e+00 -1.63472211e-01
  1.00000000e+00  1.13742549e-01  1.00000000e+00 -1.04623151e-01
  1.00000000e+00 -7.16276990e-02  1.00000000e+00  8.20776196e-02
  1.00000000e+00 -1.31367403e-02  1.00000000e+00  9.18798760e-03
  1.00000000e+00  7.72857162e-02  1.00000000e+00 -8.83868732e-02
  1.00000000e+00  1.98347079e-03  1.00000000e+00  6.69347057e-02
  1.00000000e+00 -3.51219038e-02  1.00000000e+00  4.75266393e-02
  1.00000000e+00  1.79531382e-01  1.00000000e+00  1.10154971e-01
  1.00000000e+00 -9.37719958e-02  1.00000000e+00 -8.82786685e-03
  1.00000000e+00  3.37678635e-02  1.00000000e+00  6.12140342e-02
  1.00000000e+00 -5.16738293e-02  1.00000000e+00 -6.01798592e-02
  1.00000000e+00  2.31596685e-02  1.00000000e+00 -1.34084974e-01
  1.00000000e+00  3.19035325e-02  1.00000000e+00  2.63371943e-02
  1.00000000e+00  1.46269964e-01  1.00000000e+00  8.55536742e-02
  1.00000000e+00 -7.78255492e-02  1.00000000e+00 -3.45464566e-01
  1.00000000e+00 -4.53076425e-01  1.00000000e+00 -4.37453002e-01
  1.00000000e+00  1.81424510e-01  1.00000000e+00  1.65981284e-01
  1.00000000e+00  2.36438939e-01  1.00000000e+00  1.89734798e-01
  1.00000000e+00  1.16395429e-01  1.00000000e+00  1.63096748e-01
  1.00000000e+00 -2.33575878e-01  1.00000000e+00 -4.16614020e-01
  1.00000000e+00 -3.00368769e-01  1.00000000e+00  3.82576046e-01
  1.00000000e+00  2.48371230e-01  1.00000000e+00  2.86322495e-01
  1.00000000e+00 -9.98627598e-02  1.00000000e+00  1.71479024e-01
  1.00000000e+00  1.76382212e-01  1.00000000e+00  2.46333519e-01
  1.00000000e+00  2.35874186e-02  1.00000000e+00  1.03201916e-01
  1.00000000e+00  5.80604991e-03  1.00000000e+00  7.08550038e-02
  1.00000000e+00  1.34801732e-01  1.00000000e+00  4.04392610e-02
  1.00000000e+00 -1.39730995e-02  1.00000000e+00  6.36443602e-02
  1.00000000e+00  5.75483882e-02  1.00000000e+00 -3.56514217e-02
  1.00000000e+00  3.01416064e-02  1.00000000e+00 -4.57985874e-01
  1.00000000e+00 -4.40224728e-01  1.00000000e+00 -3.31023422e-01
  1.00000000e+00 -7.05164284e-01  1.00000000e+00 -5.98518996e-01
  1.00000000e+00 -4.42619492e-01  1.00000000e+00 -1.25550581e-01
  5.00453775e-01  4.21629720e-01  8.40860586e-01 -1.17506525e-01
  1.00000000e+00  5.46092512e-02  0.00000000e+00  2.01828358e-01
  7.27098815e-01 -9.05517950e-02  1.00000000e+00 -3.79244693e-01
  1.29844433e-03  4.92322822e-01  0.00000000e+00 -3.78848600e-01
  1.00000000e+00  5.23809965e-01  0.00000000e+00  4.18318827e-01
  1.14695143e-01 -7.38873470e-01  1.00000000e+00  4.34619838e-01
  1.11022302e-16 -5.07189004e-01  4.79856386e-02  7.96787312e-01
  1.00000000e+00 -3.30508823e-01  1.35106290e-02  5.19060116e-01
  6.72706584e-01  7.86624406e-01  1.00000000e+00  1.01369058e-01
  1.11022302e-16  5.82245543e-01  5.39182814e-01 -1.45093068e-01
  1.00000000e+00  4.92503012e-01  0.00000000e+00 -3.18127264e-02
  8.55508883e-02  5.36146650e-01  1.00000000e+00  7.31666309e-01
  0.00000000e+00  6.92929239e-01  4.16897326e-01 -2.58680252e-01
  1.00000000e+00 -3.83559906e-01  0.00000000e+00  1.87417040e-01
  4.05596736e-01  1.36845583e-01  1.00000000e+00 -2.39991393e-01
  2.22044605e-16  3.37569819e-01  5.61849770e-01  3.64375992e-01
  9.10530398e-01  5.54759814e-01  0.00000000e+00  4.27800823e-01
  0.00000000e+00 -1.38162243e-02  1.00000000e+00  9.27346522e-02
  1.00000000e+00  1.46047976e-01  1.00000000e+00  1.35039850e-01
  1.00000000e+00  2.74893665e-02  1.00000000e+00  1.24597461e-01
  1.00000000e+00 -1.48560953e-02  1.00000000e+00 -1.54929038e-01
  1.00000000e+00  2.28051855e-02  1.00000000e+00 -9.51809464e-02
  1.00000000e+00  2.14885477e-01  1.00000000e+00 -5.18746310e-02
  1.00000000e+00 -3.91799424e-02  1.00000000e+00  8.51791455e-02
  1.00000000e+00 -1.84101494e-01  5.34450669e-01  3.06552812e-01
  1.00000000e+00  4.30109966e-01  2.92090432e-01 -8.46649882e-02
  8.98202968e-01  5.85663936e-01  1.00000000e+00  5.90277599e-01
  1.81674232e-02  4.26509697e-01  2.56132593e-01 -3.09427004e-01
  1.00000000e+00 -3.41361441e-01  3.89973524e-02  9.01052585e-02
  0.00000000e+00  9.14505694e-01  1.00000000e+00  1.35598217e-01
  3.90530801e-02  6.85773636e-01  1.87065519e-17 -1.33566782e-01
  1.00000000e+00  8.89464300e-01  2.07184259e-16 -1.46459929e-01
  1.90540156e-01  2.61323719e-01  1.00000000e+00  4.97677278e-01
  0.00000000e+00  3.70111347e-01  5.71474874e-05  8.64942011e-02
  1.00000000e+00  4.57885894e-01  1.53283317e-17  3.33822956e-01
  2.50992763e-17  2.04617894e-01  1.00000000e+00 -6.74968843e-02
  0.00000000e+00  2.33752295e-01  1.14415446e-01  6.05397858e-01
  1.00000000e+00 -7.25373994e-01  1.45716772e-16  6.04668318e-01
  7.76158029e-01  5.10151257e-01  9.02392081e-01 -6.28018506e-01
  3.89091361e-16  7.30988133e-01  3.11551746e-01  1.92709202e-02]