[ 1.76552843e+00 -6.16378906e-05  1.39493235e+00 -5.32052610e-05
  1.02108934e+00  1.96233211e-04  1.63156908e+00 -5.26579533e-05
  1.34767187e+00  3.29122179e-04  1.07537288e+00  4.33770865e-05
  1.26572698e+00  4.94729450e-01  1.23701421e+00  4.62505366e-01
  1.57171574e+00  4.10956846e-01  1.20786410e+00  8.91781048e-01
  1.49471496e+00  8.46574323e-01  1.09303601e+00  7.65380199e-01
  2.28714533e+00  8.24678237e-01  2.06689419e+00  1.32698520e+00
  1.08500606e+00  1.05862605e+00  1.38394846e+00  2.98520772e-01
  2.07324310e+00  2.79224147e-01  1.14740015e+00  2.38808469e-01
  1.57705162e+00  1.17461213e-01  1.11580470e+00  1.09547500e-01
  1.35641594e+00  9.35436366e-02  1.79844243e+00  4.00383054e-02
  2.13843419e+00  3.72847412e-02  1.40232896e+00  3.16128729e-02
  1.18538582e+00 -2.79366896e-01  1.26174108e+00 -2.62256597e-01
  1.47103666e+00 -2.35588644e-01  1.84427100e+00 -6.41965860e-01
  1.06645688e+00 -6.08243482e-01  1.67638494e+00 -5.46101486e-01
  1.44755875e+00 -7.54105020e-01  1.19414174e+00 -7.16234252e-01
  1.39265479e+00 -6.41247767e-01  1.86397163e+00 -7.38059118e-01
  1.28887310e+00 -7.00743722e-01  1.01694819e+00 -6.24903860e-01
  1.81396726e+00 -8.41197252e-01  2.44909723e+00 -8.01834750e-01
  1.15636201e+00 -7.22692943e-01  1.54724876e+00 -6.88139899e-01
  1.18194696e+00 -6.52576542e-01  1.24979427e+00 -5.77240034e-01
  1.73504574e+00 -5.16546698e-01  1.26292931e+00 -4.88020159e-01
  1.16316518e+00 -4.28599061e-01  1.70807035e+00 -5.65816261e-01
  2.93921544e+00 -5.35772350e-01  1.03954981e+00 -4.76358579e-01
  1.66820285e+00 -5.75408381e-01  1.05275497e+00 -5.44894547e-01
  1.30145497e+00 -4.83180806e-01  1.39282029e+00 -5.38552822e-01
  1.21178156e+00 -5.09741213e-01  1.26345573e+00 -4.50704683e-01
  1.81681364e+00 -3.15552919e-01  1.05676284e+00 -2.97166591e-01
  1.59243904e+00 -2.57140054e-01  1.71994940e+00 -3.08072614e-01
  3.14889776e+00 -2.90722470e-01  1.17171446e+00 -2.56320763e-01
  1.25777366e+00 -3.09111029e-01  1.34999108e+00 -2.91828939e-01
  1.21906239e+00 -2.56683373e-01  1.30182870e+00 -2.89019887e-01
  1.41605147e+00 -2.72710307e-01  1.46197657e+00 -2.39496601e-01
  1.43577473e+00 -2.59201742e-01  1.23314055e+00 -2.44488718e-01
  1.53815485e+00 -2.14428946e-01  4.76123794e+00 -3.64691914e-01
  2.63724974e+00 -3.44927647e-01  1.25226086e+00 -3.06121595e-01
  1.37610484e+00 -4.21739529e-01  1.11270109e+00 -3.99003356e-01
  2.33654814e+00 -3.53092718e-01  1.67948102e+00 -4.30831557e-01
  1.07641307e+00 -4.07606907e-01  1.56829577e+00 -3.60070259e-01
  1.65284543e+00 -2.87535946e-01  2.90972557e+00 -2.71208601e-01
  1.11973522e+00 -2.35784132e-01  1.87556875e+00 -3.82764897e-02
  2.00458121e+00 -3.56924163e-02  1.72847549e+00 -2.68923818e-02
  1.66211072e+00  2.80919450e-03  1.01599858e+00  2.65046999e-03
  1.10200318e+00  2.40744261e-03  1.48326492e+00 -1.15301413e-01
  4.20176290e+00 -1.09040837e-01  1.06109830e+00 -9.79562960e-02
  1.44544068e+00 -1.95796162e-01  1.08091409e+00 -1.84829928e-01
  1.04871400e+00 -1.63539922e-01  1.66975964e+00 -2.32408860e-01
  2.95812795e+00 -2.19571379e-01  1.35351137e+00 -1.93634459e-01
  1.45026737e+00 -3.48424816e-01  4.55194737e+00 -3.29765293e-01
  1.65974199e+00 -2.93022156e-01  1.89166179e+00 -4.15594652e-01
  1.68790187e+00 -3.93548126e-01  1.16572237e+00 -3.48752350e-01
  1.65366938e+00 -4.39086765e-01  2.92257714e+00 -4.15919989e-01
  1.47521411e+00 -3.68040319e-01  1.19058850e+00 -4.35541707e-01
  5.52046987e+00 -4.12441239e-01  1.29083726e+00 -3.64429483e-01
  1.30197898e+00 -3.55500390e-01  1.29783151e+00 -2.97503567e-01
  1.50873911e+00 -1.19898674e+00  1.40544227e+00 -2.04922546e-01
  4.11709302e+00 -1.93683699e-01  1.55454139e+00 -1.71169236e-01
  1.47957890e+00 -1.37474290e-01  1.13780188e+00 -1.20456874e+00
  1.39864807e+00 -6.54457067e-02  1.67375831e+00 -1.31878901e-01
  1.20853031e+00 -1.24626800e-01  1.17298479e+00 -1.10356367e-01
  1.20005100e+00 -1.59492253e-01  1.06881526e+00 -1.50716849e-01
  1.91990175e+00 -1.32838403e-01  1.16978875e+00 -1.69731868e-01
  5.51689269e+00 -1.60345681e-01  1.01184020e+00 -1.41067913e-01
  1.32671784e+00 -1.69212160e-01  4.85032549e+00 -1.59833810e-01
  1.36762763e+00 -1.40468993e-01  1.13699616e+00 -2.48380318e-01
  1.19969600e+00 -2.34987320e-01  1.76572382e+00 -2.08443290e-01
  1.27970252e+00 -2.17233271e-01  1.14312476e+00 -2.05172967e-01
  1.26457347e+00 -1.79584266e-01  1.84327511e+00 -1.76349438e-01
  1.82760949e+00 -1.66524402e-01  1.91853645e+00 -1.45749866e-01
  1.46687851e+00 -2.26414913e-01  1.05483790e+00 -2.14153865e-01
  1.74700804e+00 -1.89558420e-01  1.72412071e+00 -1.82507556e-01
  2.59470263e+00 -1.72297365e-01  1.18076019e+00 -1.50469237e-01
  1.08600678e+00 -1.35340638e-01  5.61463149e+00 -1.27775688e-01
  1.49771702e+00 -1.11547570e-01  4.71288981e+00 -1.01187494e-01
  2.56499351e+00 -9.54297636e-02  1.61515573e+00 -8.33455354e-02
  1.68852666e+00 -7.63018643e-02  2.83768993e+00 -7.19601466e-02
  1.04739191e+00 -6.28334502e-02  1.91326539e+00 -5.80850101e-02
  1.30562187e+00 -5.48299273e-02  1.22136947e+00 -4.78755513e-02
  1.32536603e+00 -4.47284586e-02  4.45759667e+00 -4.22620313e-02
  1.06544098e+00 -3.69005421e-02  1.70892946e+00 -1.08377110e-02
  1.10670216e+00 -1.33149833e+00  1.55707514e+00  4.07087093e-02
  1.34441798e+00 -1.12437812e-01  4.34851441e+00 -1.06684733e-01
  1.42953086e+00 -9.67600559e-02  1.73355653e+00 -7.91425875e-02
  2.51198234e+00 -7.51655299e-02  1.20633563e+00 -6.96368103e-02
  1.32084162e+00 -1.04949990e-01  4.47132961e+00 -9.94735746e-02
  1.33107000e+00 -9.01925897e-02  1.15069486e+00 -1.15046857e-01
  5.39549926e+00 -1.08879982e-01  1.35909468e+00 -9.77260341e-02
  1.59542346e+00 -1.12316898e-01  3.31534114e+00 -1.06220901e-01
  1.34879751e+00 -9.46642710e-02  1.29624790e+00 -9.90870601e-02
  4.81163507e+00 -9.36055761e-02  1.12519483e+00 -8.28567130e-02
  1.91071313e+00 -7.69164682e-02  1.69783236e+00 -7.26375335e-02
  1.48106062e+00 -6.36823947e-02  1.16236139e+00 -4.72609294e-02
  1.18963764e+00 -4.46119332e-02  1.23850947e+00 -3.82835260e-02
  1.75297215e+00 -1.10524426e-02  2.65214094e+00 -1.02520503e-02
  1.26914474e+00 -7.41776274e-03  1.84493677e+00  3.11065951e-02
  2.39826648e+00  2.95281306e-02  1.00578276e+00  2.83539499e-02
  1.50256003e+00  7.86566907e-02  3.75215396e+00  7.45619411e-02
  1.42693609e+00  6.87291776e-02  1.14439849e+00  1.31649804e-01
  3.69677638e+00  1.24566628e-01  1.41475513e+00  1.13715243e-01
  1.88170067e+00  1.69597293e-01  1.24667898e+00  1.60445579e-01
  1.45280705e+00  1.46459768e-01  1.86682297e+00  3.54989579e-01
  1.37643881e+00  3.35502356e-01  1.50105014e+00  2.98295988e-01
  1.81922521e+00  4.29824342e-01  1.09165910e+00  4.06574511e-01
  1.03244019e+00  3.59990819e-01  2.00956571e+00  4.43658741e-01
  1.45521906e+00  4.19626115e-01  1.64164188e+00  3.70737162e-01
  1.16859752e+00  4.24348908e-01  4.18179469e+00  4.01231988e-01
  1.52858437e+00  3.53811529e-01  1.75052039e+00  3.20289359e-01
  3.06812891e+00  3.02203496e-01  1.19932670e+00  2.66534521e-01
  1.63692996e+00  2.89488078e-01  3.15377293e+00  2.73111951e-01
  1.12647103e+00  2.42593838e-01  3.25039612e+00  2.95468676e-01
  1.44213371e+00  2.78699920e-01  1.29334476e+00  2.49639327e-01
  1.99787837e+00  3.31666301e-01  1.82950357e+00  3.12883270e-01
  1.08979666e+00  2.81822050e-01  1.98048770e+00  3.95434755e-01
  2.22203440e+00  3.72810725e-01  1.08311498e+00  3.37647519e-01
  2.07806738e+00  4.87080784e-01  1.65737941e+00  4.59190556e-01
  1.10301816e+00  4.17995504e-01  1.80806415e+00  6.12224553e-01
  1.58718500e+00  5.76358194e-01  1.03137286e+00  5.28556144e-01
  1.16015302e+00  7.85838167e-01  1.20749219e+00  7.35322394e-01
  1.24920127e+00  6.84153116e-01  3.55729686e+00  1.55243826e+00
  1.57352378e+00  3.06397654e+00 -1.02547908e+00  2.85702844e+00
  1.13031510e+00  2.52256437e+00 -5.44123469e-01  5.14235974e+00
 -1.36310893e+00  1.12167309e+00  1.02129580e+00  1.00454812e+00
 -4.35280641e-01  3.10521914e+00 -1.01675828e+00  3.52697700e+00]