[-3.04768872e+01 -1.71338829e+01  1.50007675e+00 -3.04732232e+01
 -1.70673159e+01  1.50049384e+00 -3.04377945e+01 -1.68029955e+01
  1.49400948e+00 -3.04087281e+01 -1.62865247e+01  1.49252705e+00
 -3.03950885e+01 -1.62212621e+01  1.48914889e+00 -3.03786848e+01
 -1.59550950e+01  1.49122028e+00 -3.03743656e+01 -1.53627728e+01
  1.64696667e+00 -3.03925185e+01 -1.52985727e+01  1.65222192e+00
 -3.04733296e+01 -1.50443696e+01  1.67538318e+00 -3.05989670e+01
 -1.44404707e+01  1.91659511e+00 -3.06372710e+01 -1.43859052e+01
  1.92357190e+00 -3.07879241e+01 -1.41658647e+01  1.94885826e+00
 -3.07907383e+01 -1.35951330e+01  2.03590235e+00 -3.08287902e+01
 -1.35403226e+01  2.03965097e+00 -3.09737491e+01 -1.33164872e+01
  2.05054285e+00 -3.08587154e+01 -1.27328881e+01  1.93438759e+00
 -3.08847817e+01 -1.26715025e+01  1.93539422e+00 -3.09897467e+01
 -1.24263220e+01  1.93950735e+00 -3.08150399e+01 -1.17969584e+01
  1.84367049e+00 -3.08482502e+01 -1.17391515e+01  1.85019399e+00
 -3.09917121e+01 -1.15143447e+01  1.87957423e+00 -3.07618063e+01
 -1.08469608e+01  1.84162064e+00 -3.08057115e+01 -1.07967862e+01
  1.85311247e+00 -3.09788872e+01 -1.05937315e+01  1.89566231e+00
 -3.08426515e+01 -9.91017582e+00  1.66670689e+00 -3.08725378e+01
 -9.85057171e+00  1.67627052e+00 -3.09887237e+01 -9.61054594e+00
  1.71123232e+00 -3.09056885e+01 -8.94538635e+00  1.39086170e+00
 -3.09219597e+01 -8.88072419e+00  1.40183474e+00 -3.09922986e+01
 -8.62349468e+00  1.44549189e+00 -3.08744888e+01 -7.99750521e+00
  1.28287836e+00 -3.08863178e+01 -7.93189649e+00  1.29480405e+00
 -3.09401355e+01 -7.67073429e+00  1.34250684e+00 -3.09547744e+01
 -7.06617902e+00  1.22073280e+00 -3.09625059e+01 -6.99996224e+00
  1.23265849e+00 -3.10000000e+01 -6.73596181e+00  1.28036128e+00
 -3.09697954e+01 -6.17533500e+00  1.04417499e+00 -3.09389964e+01
 -6.11620502e+00  1.04540520e+00 -3.08309724e+01 -5.87174951e+00
  1.05667576e+00 -3.06263884e+01 -5.33738743e+00  1.09195410e+00
 -3.06036358e+01 -5.27469757e+00  1.09541021e+00 -3.05295284e+01
 -5.01852079e+00  1.11527429e+00 -3.02827930e+01 -4.45030233e+00
  1.12388051e+00 -3.02559545e+01 -4.38927655e+00  1.12474416e+00
 -3.01553415e+01 -4.14229150e+00  1.13084508e+00 -2.98583629e+01
 -3.57287449e+00  9.80132948e-01 -2.98122188e+01 -3.52475801e+00
  9.75547949e-01 -2.96265986e+01 -3.33323912e+00  9.57638991e-01
 -2.92455287e+01 -2.80975077e+00  8.86208534e-01 -2.91987165e+01
 -2.76224834e+00  8.83732590e-01 -2.90181838e+01 -2.56594596e+00
  8.77909694e-01 -2.85950008e+01 -2.06529980e+00  8.39622805e-01
 -2.85519059e+01 -2.01440723e+00  8.40379818e-01 -2.83612628e+01
 -1.82795027e+00  8.33572672e-01 -2.79492304e+01 -1.31018216e+00
  9.75260993e-01 -2.79220763e+01 -1.24928462e+00  9.79906291e-01
 -2.78154247e+01 -1.00483172e+00  9.98322007e-01 -2.74350662e+01
 -4.61840548e-01  9.10282875e-01 -2.73903475e+01 -4.12395310e-01
  9.08303520e-01 -2.72069323e+01 -2.18729983e-01  8.98447024e-01
 -2.67844925e+01  2.91876401e-01  8.54080856e-01 -2.67402731e+01
  3.41803413e-01  8.53865207e-01 -2.65532047e+01  5.31854951e-01
  8.47626427e-01 -2.61136153e+01  1.02987381e+00  8.28812529e-01
 -2.60648753e+01  1.07559597e+00  8.26812266e-01 -2.58772511e+01
  1.26529039e+00  8.23107729e-01 -2.54293865e+01  1.75720311e+00
  8.12678411e-01 -2.53796748e+01  1.80197312e+00  8.10565503e-01
 -2.51911130e+01  1.99108511e+00  8.08118536e-01 -2.47070770e+01
  2.44524175e+00  6.62412949e-01 -2.46481268e+01  2.47638570e+00
  6.57760874e-01 -2.44099000e+01  2.59680514e+00  6.38289206e-01
 -2.38694685e+01  2.97202353e+00  5.57615798e-01 -2.38086049e+01
  2.99927366e+00  5.54003446e-01 -2.35689856e+01  3.11728742e+00
  5.44067696e-01 -2.30000818e+01  3.45267839e+00  5.00140448e-01
 -2.29394000e+01  3.48028804e+00  4.98203069e-01 -2.26999803e+01
  3.59791357e+00  4.93920405e-01 -2.21364320e+01  3.94817300e+00
  6.34495135e-01 -2.20900809e+01  3.99616299e+00  6.38938756e-01
 -2.19032735e+01  4.18654464e+00  6.54957214e-01 -2.14222666e+01
  4.62909050e+00  8.86162913e-01 -2.13930857e+01  4.68903157e+00
  8.92248238e-01 -2.12833172e+01  4.93207046e+00  9.18210336e-01
 -2.08717867e+01  5.44053961e+00  8.69043843e-01 -2.08240694e+01
  5.48711924e+00  8.66509871e-01 -2.06372507e+01  5.67747722e+00
  8.59120602e-01 -2.01725890e+01  6.14220098e+00  6.75671858e-01
 -2.01121268e+01  6.17076359e+00  6.69496664e-01 -1.98734280e+01
  6.28976084e+00  6.48289436e-01 -1.93424468e+01  6.67029749e+00
  5.58766847e-01 -1.92812532e+01  6.69677814e+00  5.54794967e-01
 -1.90424845e+01  6.81564717e+00  5.45231984e-01 -1.84764860e+01
  7.15016513e+00  5.06474972e-01 -1.84182452e+01  7.18266380e+00
  5.06541067e-01 -1.81788127e+01  7.30029532e+00  5.01399081e-01
 -1.75808977e+01  7.57790306e+00  3.16937452e-01 -1.75144462e+01
  7.58328346e+00  3.10734052e-01 -1.72498564e+01  7.61672717e+00
  2.91760254e-01 -1.66188457e+01  7.78732323e+00  2.04838825e-01
 -1.65536299e+01  7.80117531e+00  2.04956923e-01 -1.62884147e+01
  7.82926095e+00  1.94719539e-01 -1.56413351e+01  7.94923503e+00
  1.48107775e-01 -1.55758953e+01  7.96202944e+00  1.49299715e-01
 -1.53106220e+01  7.99049367e+00  1.44927449e-01 -1.46554303e+01
  8.08427204e+00  1.32622518e-01 -1.45896694e+01  8.09522735e+00
  1.33482732e-01 -1.43251882e+01  8.12930584e+00  1.32932456e-01
 -1.36664516e+01  8.21383710e+00  1.15500403e-01 -1.36003152e+01
  8.22349225e+00  1.16283708e-01 -1.33344949e+01  8.24489214e+00
  1.12578403e-01 -1.26740935e+01  8.32682811e+00  1.01200150e-01
 -1.26079579e+01  8.33531477e+00  1.01900681e-01 -1.23422950e+01
  8.35865605e+00  1.00430179e-01 -1.16803658e+01  8.43211417e+00
  9.68610979e-02 -1.16146245e+01  8.44326363e+00  9.87458973e-02
 -1.13501808e+01  8.48126500e+00  1.03286641e-01 -1.06876109e+01
  8.55114297e+00  1.23178690e-01 -1.06213608e+01  8.55912066e+00
  1.23090130e-01 -1.03571525e+01  8.59549058e+00  1.24503109e-01
 -9.69475599e+00  8.66942658e+00  1.08605104e-01 -9.62834830e+00
  8.67529793e+00  1.08063795e-01 -9.36260209e+00  8.69756608e+00
  1.05542193e-01 -8.70029208e+00  8.77344877e+00  1.10792926e-01
 -8.63371072e+00  8.77730345e+00  1.09389021e-01 -8.36900250e+00
  8.80984961e+00  1.10723837e-01 -7.70562938e+00  8.87646176e+00
  1.19146440e-01 -7.63998268e+00  8.88820409e+00  1.20679675e-01
 -7.37611841e+00  8.92955926e+00  1.24269961e-01 -6.71109311e+00
  8.95563030e+00 -4.28863429e-02 -6.64552232e+00  8.94357258e+00
 -4.65590070e-02 -6.38620819e+00  8.88110329e+00 -6.60262787e-02
 -5.72247940e+00  8.86066086e+00  8.84972660e-03 -5.65589238e+00
  8.86602865e+00  1.07498077e-02 -5.39003829e+00  8.88693327e+00
  1.77257552e-02 -4.72691755e+00  8.91397577e+00  5.64208894e-02
 -4.66078303e+00  8.92271686e+00  5.84083945e-02 -4.39557918e+00
  8.95087312e+00  6.32894089e-02 -3.73074872e+00  8.95884825e+00
 -6.96931490e-02 -3.66494937e+00  8.94805052e+00 -7.21544129e-02
 -3.40631230e+00  8.88309333e+00 -8.99993987e-02 -2.74200453e+00
  8.85002586e+00 -1.12999599e-02 -2.67601884e+00  8.85954602e+00
 -7.21781155e-03 -2.41053846e+00  8.88475109e+00  3.26726435e-03
 -1.74741658e+00  8.90911684e+00  5.38378205e-02 -1.68065689e+00
  8.91011750e+00  5.28063889e-02 -1.41595216e+00  8.94277328e+00
  6.00115622e-02 -7.52879362e-01  8.99030993e+00  6.77645151e-02
 -6.87109827e-01  9.00131639e+00  7.03603773e-02 -4.21281536e-01
  9.02261257e+00  7.13480460e-02  2.41399394e-01  9.08416278e+00
  9.69693289e-02  3.07801326e-01  9.09078405e+00  9.70334804e-02
  5.72409951e-01  9.12424900e+00  9.99990734e-02  1.23507304e+00
  9.19135655e+00  1.05360208e-01  1.30129797e+00  9.19942040e+00
  1.05779619e-01  1.56665234e+00  9.22607151e+00  1.05194155e-01
  2.22913205e+00  9.29710459e+00  1.10336798e-01  2.29521882e+00
  9.30595051e+00  1.10939239e-01  2.56091153e+00  9.33172513e+00
  1.09470506e-01  3.22587338e+00  9.36485376e+00 -5.07314517e-02
  3.29066579e+00  9.34915679e+00 -5.56592274e-02  3.54969273e+00
  9.28576669e+00 -7.45648306e-02  4.19514694e+00  9.18606189e+00
 -3.08196086e-01  4.24980015e+00  9.14788177e+00 -3.16072580e-01
  4.47381282e+00  9.00321810e+00 -3.42334438e-01  4.65487765e+00
  9.01507270e+00 -4.62020409e-01  4.71300740e+00  8.98242541e+00
 -4.63337608e-01  4.93705501e+00  8.91584077e+00 -4.47587688e-01
  5.04943026e+00  8.87165255e+00 -4.65080207e-01  5.10964733e+00
  8.84304576e+00 -4.64508121e-01  5.29514208e+00  8.76825213e+00
 -4.58185344e-01  5.38903244e+00  8.70902521e+00 -4.20417855e-01
  5.44505863e+00  8.67285290e+00 -4.24456646e-01  5.64047392e+00
  8.62950609e+00 -4.08483212e-01  5.72333211e+00  8.55228563e+00
 -3.50781812e-01  5.78939466e+00  8.54333027e+00 -3.45098234e-01
  5.98655485e+00  8.50934617e+00 -3.31568232e-01  6.07674408e+00
  8.45908159e+00 -2.45776362e-01  6.14325258e+00  8.45448872e+00
 -2.41112657e-01  6.32307771e+00  8.36690170e+00 -2.57529604e-01
  6.41883682e+00  8.33545052e+00 -1.62007242e-01  6.48263780e+00
  8.31608439e+00 -1.65515212e-01  6.68325943e+00  8.32665351e+00
 -1.48567739e-01  6.77939139e+00  8.28365604e+00 -6.16055360e-02
  6.84605418e+00  8.28222031e+00 -6.05433300e-02  7.04275837e+00
  8.31992712e+00 -4.12255966e-02  7.14066782e+00  8.28650863e+00
  4.80718565e-02  7.20525847e+00  8.30301770e+00  5.33954219e-02
  7.40509391e+00  8.31112983e+00  5.23962237e-02  7.51067648e+00
  8.27492342e+00  1.35991694e-01  7.57068059e+00  8.30397638e+00
  1.44205357e-01  7.75114940e+00  8.39018439e+00  1.67366739e-01
  7.85214824e+00  8.38155302e+00  2.62181428e-01  7.91846943e+00
  8.38873031e+00  2.58101877e-01  8.10747583e+00  8.45479402e+00
  2.64193557e-01  8.20580855e+00  8.46097713e+00  3.60942302e-01
  8.27015751e+00  8.47847381e+00  3.58414731e-01  8.44587326e+00
  8.57423408e+00  3.69340884e-01  8.52181349e+00  8.56635642e+00
  4.46925389e-01  8.56912935e+00  8.60438207e+00  4.52431828e-01
  8.71636011e+00  8.71155336e+00  4.64943527e-01  9.05187561e+00
  8.88500688e+00  5.06768012e-01  9.10893838e+00  8.91947968e+00
  5.07740085e-01  9.33406848e+00  9.06279801e+00  5.13839734e-01
  9.78849526e+00  9.31962833e+00  5.27736447e-01  9.84572389e+00
  9.35382379e+00  5.28024339e-01  1.00690751e+01  9.49971323e+00
  5.33238820e-01  1.05805655e+01  9.80209062e+00  5.42081727e-01
  1.06396883e+01  9.83293079e+00  5.40457605e-01  1.08673996e+01
  9.97253059e+00  5.41438775e-01  1.14090447e+01  1.02948276e+01
  5.41081258e-01  1.14632901e+01  1.03339128e+01  5.43294246e-01
  1.16946547e+01  1.04670515e+01  5.41115099e-01  1.18941046e+01
  1.05931867e+01  5.44932722e-01  1.19499192e+01  1.06296445e+01
  5.45825537e-01  1.21877594e+01  1.07508187e+01  5.38132070e-01
  1.23181232e+01  1.08242324e+01  5.90486932e-01  1.23661985e+01
  1.08704193e+01  5.95099785e-01  1.25521219e+01  1.09872439e+01
  5.92190473e-01  1.26667462e+01  1.10367390e+01  6.62053452e-01
  1.27077556e+01  1.10893076e+01  6.68517475e-01  1.28414024e+01
  1.12401397e+01  6.82363101e-01  1.29326189e+01  1.12976254e+01
  7.71318473e-01  1.29863587e+01  1.13372965e+01  7.67731652e-01
  1.31269346e+01  1.14837074e+01  7.70735064e-01  1.32215448e+01
  1.15354118e+01  8.53777591e-01  1.32625931e+01  1.15879429e+01
  8.55200923e-01  1.33449905e+01  1.17730840e+01  8.78314262e-01
  1.34391176e+01  1.18294879e+01  9.66162188e-01  1.34526760e+01
  1.18947627e+01  9.76486445e-01  1.35742788e+01  1.20535501e+01
  9.71872771e-01  1.36542738e+01  1.21202249e+01  1.06245138e+00
  1.36742269e+01  1.21838357e+01  1.06783269e+00  1.37429116e+01
  1.23716756e+01  1.07966663e+00  1.38180235e+01  1.24438190e+01
  1.16731717e+00  1.38323488e+01  1.25089285e+01  1.17224381e+00
  1.38840796e+01  1.27021231e+01  1.18288258e+00  1.39406292e+01
  1.27829654e+01  1.27946896e+00  1.39614748e+01  1.28462941e+01
  1.27876206e+00  1.40005720e+01  1.30424394e+01  1.28617637e+00
  1.40424102e+01  1.31333795e+01  1.38323881e+00  1.40743244e+01
  1.31919230e+01  1.37510927e+00  1.40618190e+01  1.33915287e+01
  1.39502654e+00  1.41011805e+01  1.34591620e+01  1.47923164e+00
  1.41220846e+01  1.35155744e+01  1.47299988e+00  1.40822607e+01
  1.36916012e+01  1.49521941e+00]